population 2025
680453
8967410
5308040
5870750
5623070
398266
347276000
722007
3115890
6002510
18346800
26974000
33572
9113570
10656600
11758600
84075100
5623330
40126700
7396080
9517180
69551300
11346000
66650800
5251900
545405
82904
59146300
108147
1370750
3235290
51667000
47890000
403033
466330
2117070
123103000
23112800
34566300
1344230
10609200
5026080
10411800
835986
2830140
1643330
5474880
282623
9632290
1853560
9938840
46922
3848160
38140900
3384690
94209
132779
18908600
1511160
5494690
4571190
17663
5152950
529676
6714560
19859900
87685400
20843800
143997000
180149
35977800
632729
1416100000
7618850
131947000
6689040
12025
1268280
117303
11520500
45851400
99924
212812000
2771510
65871
3806670
1813790
2593130
2952360
3140100
34576700
8997600
422924
2996110
2562120
53425600
1938430
2837080
71619900
9492
3517100
639850
10397700
36282
18289900
7458560
18687900
933154
64747300
7013080
47020800
6365500
38980400
103742
527326
47435300
113683
219306
92417700
285721000

> 5k: (***)
sum : 4,246 ty

